b=9000
k1=12000
k2=10000
m1=1000
m2=100
